table=[
   97257 240000000 
   128228 25000000 
   37264 40000000 
   114268 80000000 
   143242 60000000 
   82243 29000000 
   71222 512700000 
   137237 25000000 
   67229 2000000 
   22222 10000000 
   29238 2600000 
   77228 18367000 
   132254 43999777 
   46265 150000000 
   87259 22999999 
   29278 75000000 
   66271 29800000 
   49220 16000000 
   42224 29000000 
   121249 50000000 
   42248 19000000 
   42280 1000000000 
   89256 15000000 
   82260 20000000 
   45259 4300000 
   62230 110000000 
   74226 40000000 
   88266 30000000 
   67262 99000000 
   62270 39999999 
   138262 102000000 
   80280 600000000 
   118263 140000000 
   97259 89000000 
   69243 4500000 
   28276 467700000 
   54220 138000000 
   86270 89000000 
   72262 25000000 
   142224 22000000 
   68237 210000000 
   92244 20000000 
   78252 120000000 
   43231 4000000 
   57255 60000000 
   24263 239700000 
   81255 20000000 
   84242 9999999 
   46226 12000000 
   77278 62000000 
   53262 60000000 
   39254 10000000 
   128247 1000000000 
   42241 4000000 
   86223 20000000 
   72231 6000000 
   75282 180000000 
   30229 1900000 
   48231 12000000 
   67264 33000000 
   91239 40000000 
   139224 15000000 
   138266 1500000000 
   30297 359700000 
   151236 49999999 
   58278 389100000 
   79260 18000000 
   40245 3950000 
   47265 115000000 
   68271 1200000000 
   64252 555000000 
   78270 120000000 
   50260 144300000 
   81241 16000000 
   157243 36000000 
   98236 45999999 
   84244 10000000 
   53239 80000000 
   70268 35000000 
   60259 50000000 
   66243 15003422 
   76242 4900000 
   147245 989700000 
   49246 3600000 
   79277 180000000 
   82232 300000000 
   149290 2000000000 
   38233 20000000 
   68288 389700000 
   71243 110000000 
   81274 700000000 
   112261 70000000 
   70237 5800000 
   173250 250000000 
   121238 40000000 
   153253 199000000 
   31228 1503523 
   75253 1000000000 
   82281 200000000 
   64237 653100000 
   31252 30000000 
   57241 755000000 
   71260 20000000 
   50261 25000000 
   36253 8500000 
   77234 3000000 
   80253 40000000 
   118220 22000000 
   27235 25000000 
   161241 2000000000 
   56267 370000000 
   49263 26666666 
   117262 350000000 
   68226 15000000 
   68258 14000000 
   85253 35000000 
   92281 330000000 
   30238 2600000 
   81276 87000000 
   91227 6999999 
   70223 509000000 
   70255 300000000 
   51236 12000000 
   37244 3000000 
   76229 4500000 
   136262 100000000 
   79264 70000000 
   47243 13000000 
   75255 20000000 
   106242 67500000 
   85222 3900000 
   36238 11000000 
   81229 60000000 
   81245 15000000 
   74265 25000000 
   36270 23000000 
   39225 94000000 
   94231 10000000 
   94263 100000000 
   83226 200000000 
   76246 50000000 
   42228 60000000 
   56260 78993331 
   49264 65000000 
   167251 700000000 
   96228 5500000 
   89264 29999999 
   45247 35000000 
   71247 15000000 
   88226 32000000 
   81230 239700000 
   181244 500000000 
   85285 1770000000 
   142248 1500000000 
   82252 999900000 
   143282 900000000 
   93294 750000000 
   28246 14000000 
   80256 15000000 
   140243 749700000 
   34252 90000000 
   141220 690000000 
   44257 200000000 
   28270 498000000 
   131292 600000000 
   121258 270000000 
   47220 10000000 
   79250 500000000 
   72254 49800000 
   43262 90000000 
   61283 599700000 
   130267 599700000 
   61292 998000000 
   43294 539700000 
   131251 179700000 
   31245 15000000 
   99264 32223899 
   90260 525000000 
   158277 450000000 
   83290 419700000 
   73246 393300000 
   68234 389700000 
   78231 8000000 
   107265 240000000 
   85224 210000000 
   53234 2800000 
   130275 300000000 
   88281 300000000 
   65260 145000000 
   145244 80000000 
   140272 655000000 
   73261 25000000 
   155274 286500000 
   93232 270000000 
   128223 12000000 
   63249 11000000 
   76264 360000000 
   75260 240000000 
   79235 3500000 
   42261 13775999 
   124246 29000000 
   72271 180000000 
   66272 239700000 
   82238 123000000 
   82254 40666777 
   36227 210000000 
   99233 12222222 
   78229 3000000 
   30231 60000000 
   165243 300000000 
   78256 207000000 
   95240 55000000 
   180265 650000000 
   30251 19000000 
   23247 20000000 
   55255 20000000 
   64273 150000000 
   141252 100000000 
   51241 150000000 
   49251 149700000 
   76255 15500000 
   68246 148500000 
   58242 20000000 
   66250 169000000 
   145242 145500000 
   153239 120000000 
   83245 60000000 
   76249 7000000 
   84258 19999999 
   29255 90000000 
   72224 300000000 
   136270 300000000 
   86280 600000000 
   72272 30000000 
   95238 450000000 
   33251 90000000 
   54257 90000000 
   89283 300000000 
   75291 749700000 
   85242 49999999 
   76256 89700000 
   50240 175000000 
   52249 84300000 
   71282 300000000 
   67233 75000000 
   36256 35222222 
   88277 230000000 
   140221 74700000 
   77291 349000000 
   67253 57300000 
   46284 120000000 
   39235 45000000 
   59258 1000000000 
   84279 549999999 
   165274 900000000 
   161276 850000000 
   175237 700000000 
   97238 291000000 
   83246 180000000 
   42222 600000000 
   35226 100000000 
   119220 600000000 
   72225 30000000 
   181251 999999999 
   65248 15000000 
   46266 14500000 
   25240 18000000 
   27233 32000000 
   25248 3000000 
   80231 10000000 
   106247 299700000 
   68296 349000000 
   85259 25000000 
   60263 77777777 
   100259 35000000 
   71283 200000000 
   172231 500000000 
   81253 150000000 
   40259 35000000 
   98229 120000000 
   89245 12000000 
   177227 120000000 
   34260 90000000 
   34230 1000000 
   94236 10000000 
   54240 3900000 
   66236 29000000 
   51239 20000000 
   78247 250000000 
   28251 15000000 
   58283 140000000 
   28271 373800000 
   76278 340000000 
   29240 2500000 
   24240 120000000 
   82256 300000000 
   72258 20000000 
   67245 65000000 
   103261 45000000 
   135252 98884016 
   75245 112500000 
   68265 67500000 
   87273 110000000 
   87281 250000000 
   91238 23000000 
   130255 75000000 
   144261 320000000 
   95243 148500000 
   125237 70000000 
   28220 2000000 
   85241 10000000 
   90266 68000000 
   65281 175000000 
   120296 500000000 
   84270 150000000 
   69246 8000000 
   99256 25000000 
   99260 42000000 
   52272 160000000 
   66253 82399999 
   97224 14000000 
   69270 21000000 
   56239 2600000 
   147233 140000000 
   76284 1200000000 
   79223 10000000 
   35243 65000000 
   76248 40000000 
   72259 23000000 
   60242 66600000 
   89238 60000000 
   75230 4600000 
   75246 50000000 
   131229 360000000 
   159237 85000000 
   134232 125000000 
   71237 117000000 
   130240 40000000 
   24248 68000000 
   55225 2000000 
   81236 100000000 
   32272 20000000 
   43235 6000000 
   87263 45000000 
   91251 40000000 
   76237 5000000 
   70220 3000000 
   122225 15000000 
   65232 100000000 
   80246 380000000 
   44228 5000000 
   44226 5000000 
   67248 6600000 
]
