table=[
   240183 880000000 
   170185 90000000 
   249189 1899999999 
   219191 450000000 
   203180 200000000 
   168193 370000000 
   138187 27000000 
   113198 500000000 
   147193 76000000 
   152198 250000000 
   231186 419999999 
   196183 110000000 
   161180 47000000 
   131190 200000000 
   278192 1500000000 
   180180 89999999 
   210194 480000000 
   180196 200000000 
   145193 37950000 
   199180 399999999 
   224197 750000000 
   121188 39999999 
   149186 41000000 
   203181 220000000 
   178188 130000000 
   153187 45000000 
   143193 45000000 
   257192 1100000000 
   202185 249999000 
   162185 52500000 
   251183 852000000 
   236184 550000000 
   226190 300000000 
   171183 59500000 
   245190 600000000 
   190183 99999999 
   175184 84999000 
   129190 150000000 
   150199 410000000 
   276186 1299999999 
   234192 1800000000 
   290189 2000000000 
   144198 110000000 
   215185 190000000 
   212190 2000000000 
   203182 179800000 
   168187 76000000 
   135181 25000000 
   133192 60000000 
   178190 99000000 
   260192 1585000000 
   237189 350000000 
   172180 169000000 
   167191 100000000 
   142190 100000000 
   137193 445000000 
   251184 1111111111 
   211184 300000000 
   276191 1500000000 
   273185 1499999999 
   117188 35000000 
   158200 495745000 
   250180 450000000 
   278189 1299000000 
   180182 199500000 
   155181 50000000 
   155189 53000000 
   145195 60000000 
   260182 1270000000 
   229180 260000000 
   267182 1250000000 
   129184 36000000 
   184191 129000000 
   190180 135000000 
   230191 1190000000 
   253185 1000000000 
   216187 399999857 
   258191 1000000000 
   193189 215000000 
   248193 949000000 
   247181 900000000 
   182196 900000000 
   237182 477000000 
   207184 150000000 
   157182 45000000 
   100181 105000000 
   167200 825000000 
   100193 99999999 
   236186 300000000 
   211185 215000000 
   164188 70000000 
   156186 85000000 
   171193 390000000 
   202190 645000000 
   260183 799000000 
   247188 850000000 
   238189 395000000 
   145180 25000000 
   140183 99999999 
   226196 799950000 
   263180 780000000 
   147188 55000000 
   189181 150000000 
   221187 590000000 
   134182 99800000 
   164196 185000000 
   149197 189999999 
   223180 300000000 
   218183 170000000 
   230192 1000000000 
   173186 140000000 
   168197 300000000 
   237183 699999999 
   180199 450000000 
   227181 350000000 
   197183 110000000 
   208186 380000000 
   147189 85000000 
   132190 32500000 
   204184 650000000 
   241184 549000000 
   191182 399999999 
   226193 870000000 
   186193 300000000 
   130183 25000000 
   206193 599000000 
   235183 750000000 
   220184 270000000 
   237190 580000000 
   185189 95000000 
   175195 170000000 
   217193 555555555 
   227188 550000000 
   242188 525000000 
   116181 18000000 
   204189 240000000 
   169194 99990000 
   190182 170000000 
   212182 500000000 
   220193 500000000 
   100191 500000000 
   214193 500000000 
   143181 21500000 
   158196 150000000 
   194189 499999999 
   195190 499000000 
   247194 1300000000 
   223192 489000000 
   206190 469000000 
   182193 170000000 
   132191 60000000 
   100194 200000000 
   187187 350000000 
   191183 89000000 
   196188 107000000 
   206198 655000000 
   151191 250000000 
   171189 420003398 
   154183 400000000 
   225182 300000000 
   185182 115000000 
   185190 130000000 
   124191 1000000000 
   188193 399000000 
   160192 250000000 
   234188 800000000 
   189183 81499999 
   184186 84000000 
   184194 197000000 
   149191 52500000 
   258185 650000000 
   129186 20000000 
   208183 160000000 
   203186 220000000 
   172196 350000000 
   118190 95000000 
   128200 450000000 
   227189 300000000 
   232188 1199000000 
   177181 110000000 
   167187 70000000 
   180194 100000000 
   213188 205000000 
   195181 150000000 
   251188 2000000000 
   226187 750000000 
   117182 139000000 
   223188 385000000 
   136184 300000000 
   163193 120000000 
   288182 1900000000 
   210184 200033344 
   152197 120000000 
   175189 170000000 
   150188 95000000 
   157192 100000000 
   114183 14990000 
   271191 1700000000 
   179182 399000000 
   116186 20000000 
   174193 150000000 
   172189 102000000 
   204191 289000000 
   243187 880000000 
   198182 130000000 
   158182 500000000 
   183191 104000000 
   149181 31000000 
   197189 200000000 
   232181 400000000 
   252193 1200000000 
   175192 171000000 
   177190 100000000 
   153182 70000000 
   100187 175000000 
   137183 20000000 
   158187 78000000 
   231193 612000000 
   176186 60000000 
   156190 60000000 
   183182 99000000 
   159193 120000000 
   165193 120000000 
]
